0000 04-04-03 12:08:15 +27C   250   325   16   7 104-53อา ฯ2
0001 036 042 117 020 055 111 047 061 164 130 102 159 255 255 228 248
0002 047 030 114 014 041 143 108 050 163 120 119 158 255 255 253 228
0003 026 000 026 000 093 163 057 036 140 048 082 144 255 255 243 198
0004 011 018 095 000 120 176 020 025 141 144 060 120 255 255 151 175
0005 000 072 184 000 111 181 024 049 242 062 044 221 255 255 130 227
0006 007 084 177 000 082 181 000 064 234 066 045 242 255 255 136 250
0007 007 070 111 000 045 155 000 060 152 050 062 210 254 255 144 249
0008 068 058 073 005 029 087 013 085 109 039 158 194 243 255 111 255
0009 103 056 055 000 043 083 000 086 087 082 221 192 255 254 115 255
0010 122 064 108 000 033 129 011 087 155 035 236 203 255 221 146 255
0011 103 064 138 000 038 130 024 054 191 071 206 201 255 216 177 244
0012 077 052 122 010 009 059 010 054 169 112 165 178 255 227 144 221
0013 066 040 109 006 024 015 068 062 152 141 150 153 255 239 130 253
0014 062 070 136 000 071 050 005 066 185 087 140 123 255 255 131 255
0015 054 030 124 000 071 084 034 061 172 048 126 147 255 255 196 254
0016 022 044 050 000 025 063 062 046 079 042 082 190 255 255 255 222
0017 028 039 043 000 008 019 068 023 075 050 087 186 255 255 255 171
0018 050 027 035 000 065 020 065 032 063 065 127 163 255 255 255 178
0019 091 027 016 006 098 091 038 054 057 104 187 130 255 250 206 245
0020 087 068 031 012 096 106 046 117 083 116 179 216 255 186 223 255
0021 057 125 058 000 026 063 030 143 091 078 130 255 255 233 184 255
0022 040 158 060 000 031 068 013 135 093 081 111 255 255 255 143 255
0023 053 199 085 008 060 062 007 089 122 109 156 255 255 255 129 255
0024 069 212 062 017 071 028 000 068 093 126 198 255 255 255 104 255
0025 064 171 030 000 096 066 000 078 051 062 202 255 255 255 148 255
0026 065 134 052 000 106 082 000 125 091 067 186 255 255 255 108 255
0027 079 097 100 000 100 114 002 100 147 072 168 255 255 255 125 255
0028 124 118 146 005 115 152 015 087 198 098 174 255 255 255 150 255
0029 085 139 152 010 116 153 015 045 205 113 175 255 255 255 151 214
0030 096 112 146 001 107 131 011 000 200 091 196 255 255 255 159 136
0031 106 094 138 000 090 110 016 002 186 088 210 253 255 236 152 147
0032 093 059 110 015 028 061 000 050 155 122 191 194 255 193 111 232
0033 063 041 073 012 001 053 037 072 105 116 141 161 255 183 211 255
0034 018 058 053 000 009 082 080 075 083 048 079 191 255 171 255 255
0035 002 082 133 014 054 077 075 081 187 121 055 244 255 168 255 255
0036 010 119 150 023 082 044 063 067 210 145 066 255 255 171 255 254
0037 039 191 255 000 067 000 049 071 255 089 108 255 255 192 226 255
0038 081 228 255 014 039 000 007 064 255 126 163 255 255 227 132 255
0039 107 218 197 011 022 000 000 059 227 115 214 255 255 254 110 251
0040 115 197 115 013 030 002 002 068 166 133 223 255 255 255 121 255
0041 109 132 255 068 030 000 018 077 255 145 212 255 255 240 155 255
0042 092 056 255 039 022 000 025 101 255 171 186 187 255 212 172 255
0043 073 017 255 060 000 000 030 108 255 215 155 184 255 175 194 255
0044 060 007 252 043 000 008 040 096 255 179 136 194 255 143 214 255
0045 069 021 182 031 000 001 039 056 238 152 151 160 255 112 200 239
0046 076 039 222 021 000 036 034 017 255 135 162 184 255 139 163 152
0047 056 080 251 013 000 040 018 005 255 113 127 246 255 201 156 128
0048 000 085 200 018 000 035 000 013 244 130 028 241 255 237 114 144
0049 000 041 255 025 024 028 013 026 255 141 041 153 255 232 146 175
0050 010 031 255 031 040 060 020 022 255 156 064 138 255 210 164 167
0051 042 070 255 053 037 000 038 067 255 203 115 217 255 173 205 255
0052 081 097 255 003 047 003 026 103 255 092 175 255 255 190 172 255
0053 102 103 255 014 039 002 015 121 255 123 208 255 255 223 149 255
0054 122 116 189 049 000 000 000 164 226 190 232 255 255 255 084 255
0055 122 145 131 004 000 005 001 174 182 084 233 255 255 255 116 255
0056 116 156 253 000 000 003 013 155 255 108 223 255 255 255 148 255
0057 103 108 255 033 000 000 001 106 255 160 216 255 255 186 118 255
0058 082 036 255 018 000 000 000 078 255 126 170 145 255 132 085 255
0059 075 029 255 012 000 000 000 053 255 117 164 142 255 127 085 231
0060 071 032 255 078 000 000 000 021 255 251 157 161 255 123 073 163
0061 066 016 255 093 000 000 000 003 255 255 158 148 255 091 085 159
0062 056 006 255 082 000 018 000 052 255 254 132 091 255 055 096 209
0063 018 002 255 096 000 030 003 058 255 255 070 085 255 061 123 248
0064 000 016 255 160 007 014 009 049 255 255 024 112 255 099 135 226
0065 003 048 255 148 008 000 000 048 255 255 055 182 255 128 099 222
0066 026 101 255 070 009 000 000 064 255 232 087 255 255 145 102 253
0067 031 118 255 015 014 000 000 076 255 119 093 255 255 149 106 255
0068 033 113 255 049 014 000 000 072 255 198 089 255 255 155 104 255
0069 030 083 255 093 001 000 000 065 255 255 092 235 255 175 087 255
0070 033 057 255 092 000 000 005 044 255 255 135 198 255 192 132 211
0071 035 054 255 094 000 001 008 046 255 255 100 191 255 199 131 223
0072 046 068 255 085 000 000 011 082 255 255 116 212 255 167 141 255
0073 043 087 255 057 000 000 002 101 255 205 110 246 255 092 114 255
0074 055 076 255 099 000 000 000 123 255 255 135 225 255 030 105 255
0075 087 066 255 170 000 000 009 109 255 255 186 207 255 017 141 255
0076 103 063 255 147 000 000 057 083 255 255 209 199 255 011 250 255
0077 098 061 255 050 000 000 059 065 255 189 195 195 255 020 248 255
0078 085 058 184 021 000 002 033 048 240 140 173 191 255 057 187 218
0079 055 056 169 038 000 000 009 030 224 175 125 198 255 132 138 189
0080 007 063 243 054 000 000 022 025 255 206 062 210 255 171 165 171
0081 050 087 255 046 000 000 023 004 255 187 123 247 255 161 168 121
0082 070 100 255 019 000 001 036 021 255 132 155 255 255 131 203 163
0083 078 097 255 037 000 009 045 033 255 168 165 255 255 097 221 189
0084 049 079 254 054 000 000 045 042 255 202 117 233 255 085 227 221
0085 018 054 255 074 003 000 034 063 255 244 072 186 255 095 198 253
0086 012 034 255 087 000 000 013 065 255 255 065 182 255 130 144 255
0087 008 036 255 080 000 000 018 053 255 253 058 224 255 147 156 231
0088 000 062 255 040 000 000 000 045 255 174 046 251 255 146 106 217
0089 002 062 251 018 000 000 000 050 255 133 052 237 255 093 077 233
0090 011 073 255 067 000 000 012 025 255 231 066 220 255 053 112 192
0091 029 076 255 068 000 000 005 020 255 232 092 225 255 070 128 151
0092 035 054 255 034 000 000 002 020 255 165 100 183 255 081 122 161
0093 037 001 255 026 000 000 001 008 255 148 104 119 255 078 119 135
0094 042 000 154 008 004 000 017 000 205 088 109 087 255 090 157 113
0095 040 006 102 000 017 000 031 000 141 070 107 113 255 097 188 091
0096 018 002 255 017 036 000 026 012 255 134 070 107 255 086 175 145
0097 000 000 255 055 037 000 023 035 255 209 036 056 255 103 167 202
0098 003 000 255 028 006 000 000 058 255 146 047 043 255 116 100 248
0099 000 000 255 053 000 003 000 068 255 152 044 081 255 120 070 255
0100 003 003 255 023 000 028 000 087 255 135 052 116 255 109 073 255
0101 017 048 255 001 002 019 000 090 255 082 072 174 255 065 040 255
0102 018 080 255 000 024 013 000 081 255 063 072 237 255 037 083 255
0103 016 078 255 000 036 040 000 062 255 071 071 226 255 051 041 254
0104 000 033 255 000 073 050 000 046 255 071 044 144 255 102 044 215
0105 063 000 234 002 055 066 000 053 255 059 062 045 255 156 054 234
0106 019 021 213 000 063 064 000 054 255 082 092 135 255 172 068 237
0107 042 088 211 001 055 059 000 032 255 087 113 250 255 177 069 186
0108 062 119 149 000 093 058 000 045 200 067 141 255 255 184 080 219
0109 063 131 071 000 125 046 000 040 105 089 143 255 255 193 078 207
0110 071 113 054 014 119 043 000 040 085 120 160 255 255 188 059 207
0111 098 066 058 001 105 079 000 065 089 094 198 203 255 174 074 255
0112 124 043 038 041 042 072 000 078 069 156 236 216 255 153 083 255
0113 137 086 069 025 005 069 000 084 106 138 254 250 255 124 110 255
0114 157 126 118 000 034 077 000 073 165 078 255 255 255 078 067 255
0115 172 142 110 000 046 108 000 060 152 048 255 255 238 055 073 246
0116 199 154 087 000 068 171 000 051 124 080 255 255 150 041 075 187
0117 228 169 060 000 109 207 000 046 091 086 255 255 104 039 071 222
0118 255 165 022 032 106 189 000 066 043 131 255 255 084 027 080 255
0119 255 158 115 050 078 139 000 081 163 193 255 255 079 018 086 255
0120 255 134 154 050 082 122 001 076 209 193 255 255 129 032 070 255
0121 255 074 062 044 095 184 000 067 100 183 255 222 211 055 098 241
0122 188 030 044 020 057 191 012 026 088 131 255 135 255 066 145 170
0123 009 040 065 037 061 191 033 067 098 168 052 165 255 056 192 182
0124 104 110 075 046 062 229 017 000 108 189 218 255 255 053 153 101
0125 163 161 036 035 057 229 001 010 110 160 255 255 255 050 116 140
0126 215 224 098 000 016 160 000 018 143 043 255 255 238 059 069 160
0127 247 252 128 000 000 074 000 026 177 085 255 255 217 071 025 179
0128 245 242 098 000 044 029 000 037 135 065 255 255 225 059 031 199
0129 227 229 080 003 055 074 000 044 113 095 255 255 244 051 088 173
0130 164 234 041 022 063 117 000 003 073 136 255 255 255 048 058 121
0131 100 240 081 017 064 141 000 000 118 125 201 255 255 058 114 094
0132 080 252 065 013 022 169 000 000 101 115 171 255 255 053 060 096
0133 093 246 061 002 000 160 000 001 091 095 195 255 255 025 051 115
0134 139 219 029 000 000 160 000 000 070 087 253 255 255 004 040 096
0135 243 159 115 000 042 150 000 006 162 043 255 255 244 000 055 127
0136 255 117 143 000 092 166 000 022 196 034 255 255 194 000 000 168
0137 255 077 152 000 116 193 000 027 219 061 255 255 152 000 001 196
0138 255 075 151 000 134 204 000 021 204 086 255 255 140 000 003 184
0139 255 049 130 007 155 170 000 002 177 105 255 255 142 000 003 146
0140 255 074 053 016 129 095 000 008 086 122 255 255 151 000 014 131
0141 255 139 069 010 048 070 000 012 103 109 255 255 160 000 018 146
0142 255 193 024 000 021 072 000 016 054 042 255 255 150 000 045 154
0143 255 218 016 020 054 071 000 017 114 136 255 255 138 000 009 157
0144 255 232 037 060 094 050 000 009 109 216 255 255 116 000 033 132
0145 255 233 112 041 152 089 000 000 158 176 255 255 103 007 018 089
0146 255 229 126 021 200 174 000 000 175 131 255 255 098 064 036 080
0147 255 230 141 000 202 226 000 000 194 011 255 255 097 000 045 089
0148 255 245 159 011 145 254 000 000 214 114 255 255 094 000 053 104
0149 255 253 118 001 093 213 000 007 163 085 255 255 098 000 033 130
0150 255 251 062 000 089 158 000 012 095 058 255 255 099 000 025 145
0151 255 255 051 006 043 159 000 040 081 103 255 255 108 000 028 208
0152 255 250 057 008 041 174 000 046 090 106 255 255 115 000 040 219
0153 255 211 087 007 062 204 000 046 124 106 255 255 125 002 049 218
0154 255 182 051 003 058 166 000 031 084 096 255 255 119 027 044 203
0155 255 170 069 002 076 127 000 008 105 094 255 255 100 026 045 132
0156 255 147 085 002 092 095 000 000 125 094 255 255 081 009 036 098
0157 255 123 082 010 097 086 029 000 118 113 255 255 066 000 028 091
0158 255 104 080 027 101 121 000 000 121 148 255 255 067 000 024 089
0159 255 106 116 012 137 158 000 003 162 114 255 255 076 009 026 122
0160 255 112 111 000 164 237 000 031 154 059 255 255 079 000 059 187
0161 255 144 099 000 184 255 000 038 167 052 255 255 086 000 059 198
0162 255 180 134 000 247 255 000 021 187 059 255 255 073 000 042 162
0163 255 222 133 016 255 229 000 009 182 129 255 255 064 000 045 132
0164 255 255 105 021 216 169 000 000 146 118 255 255 052 000 041 086
0165 255 255 072 027 115 200 000 000 108 153 255 255 042 000 024 075
0166 230 255 065 026 041 217 000 000 101 143 255 255 033 000 044 100
0167 223 255 060 000 018 198 000 063 087 062 255 255 026 006 067 103
0168 210 255 044 000 001 148 000 007 071 023 255 255 044 037 088 131
0169 191 187 002 000 037 142 000 000 048 078 255 255 051 064 067 109
0170 178 090 052 043 094 181 000 002 128 179 255 255 023 059 054 118
0171 212 068 127 010 117 253 000 015 178 111 255 255 016 052 041 146
0172 242 075 145 014 130 255 000 007 196 114 255 255 027 062 037 126
0173 255 066 128 014 153 240 000 001 175 121 255 255 032 094 042 100
0174 255 095 029 011 171 166 000 000 051 115 255 254 042 133 070 116
0175 255 125 087 004 212 135 011 009 127 135 255 255 068 156 141 132
0176 255 130 054 000 243 153 026 009 106 072 255 255 097 173 178 131
0177 255 116 071 010 213 219 038 037 109 112 255 255 166 184 212 201
0178 255 073 035 024 212 255 037 078 063 145 255 255 214 182 199 255
0179 255 051 070 003 231 255 027 069 143 089 255 255 252 176 179 255
0180 202 066 054 000 236 236 036 053 084 053 255 255 255 180 203 233
0181 139 063 107 003 217 216 046 044 155 097 250 255 255 177 232 222
0182 097 053 195 021 157 205 042 045 251 139 194 220 254 171 211 174
0183 042 051 247 031 087 163 018 000 255 155 108 184 223 160 159 084
0184 010 062 213 038 110 126 008 001 255 166 059 197 216 151 131 115
0185 015 064 199 022 130 090 000 022 255 134 049 202 209 135 081 166
0186 019 060 171 010 113 042 000 044 219 141 079 192 216 115 070 212
0187 024 052 125 010 106 018 000 044 173 114 082 179 243 095 068 207
0188 000 025 101 007 110 014 000 070 144 105 033 124 255 078 053 255
0189 000 006 074 032 069 033 000 106 109 157 018 108 255 097 054 255
0190 000 000 063 002 039 065 000 110 100 087 041 077 255 123 068 255
0191 002 000 111 000 072 087 000 101 158 076 050 067 255 125 060 255
0192 022 000 125 000 111 097 000 078 170 079 085 079 255 113 049 255
0193 052 006 079 000 126 137 000 030 116 103 127 119 255 101 134 183
0194 048 000 081 021 105 111 000 077 119 134 120 146 248 093 092 255
0195 017 000 037 026 174 068 000 137 068 142 069 079 162 124 034 255
0196 000 000 080 007 255 062 000 144 125 106 020 072 168 163 026 255
0197 000 000 120 008 255 069 000 126 167 107 021 069 199 180 087 255
0198 001 000 140 013 244 118 022 063 194 120 049 061 252 182 172 248
0199 020 000 180 014 158 139 039 065 237 119 078 062 255 196 209 255
0200 035 000 161 001 108 177 032 066 226 088 139 126 255 201 189 255
0201 054 000 254 000 109 254 062 049 255 042 127 168 255 205 144 222
0202 053 000 177 000 103 255 000 018 225 045 126 148 255 204 080 147
0203 054 000 085 006 101 252 000 022 129 061 128 138 255 217 083 178
0204 052 000 143 000 113 143 000 066 197 058 123 033 255 213 093 255
0205 039 029 134 015 125 128 000 089 180 125 108 140 255 151 051 255
0206 028 066 052 029 124 134 000 078 082 149 087 210 255 107 041 255
0207 000 088 086 030 124 158 003 062 126 152 035 245 255 069 100 251
0208 000 075 121 004 092 180 000 035 196 097 039 223 255 068 114 192
0209 010 078 117 061 082 153 060 033 160 220 062 231 255 091 081 191
0210 014 085 108 083 055 146 000 037 153 255 066 241 255 117 069 198
0211 035 073 111 071 087 172 001 033 155 235 099 217 255 153 109 195
0212 029 096 073 031 056 234 010 040 108 155 091 193 255 160 139 208
0213 003 037 100 000 066 255 000 039 146 085 048 150 255 165 114 203
0214 000 000 145 019 175 255 000 034 176 131 007 081 255 170 098 195
0215 000 000 091 028 249 255 000 033 133 149 021 088 255 157 056 190
0216 002 027 072 000 221 255 000 015 108 072 068 145 255 167 038 147
0217 027 036 137 000 172 255 000 000 192 058 083 146 255 159 047 101
0218 030 021 214 006 145 255 000 000 255 107 094 119 255 151 033 078
0219 027 030 206 029 093 238 000 003 255 151 087 142 255 187 089 124
0220 010 010 135 084 046 237 006 033 186 113 062 156 255 247 132 191
0221 003 023 105 041 061 232 009 028 144 177 042 136 255 255 137 197
0222 000 032 048 046 074 219 003 007 085 188 028 145 255 255 123 128
0223 000 050 064 023 076 189 006 008 100 137 026 176 255 255 095 132
0224 000 067 087 000 102 152 000 013 131 048 091 211 255 200 055 140
0225 000 081 214 000 172 171 000 002 255 048 037 234 255 138 061 115
0226 000 045 130 025 216 209 000 005 173 149 007 156 255 067 106 152
0227 000 021 128 059 243 212 011 019 177 212 031 122 255 057 170 163
0228 000 060 061 041 238 198 029 009 089 175 067 197 255 067 185 130
0229 000 117 042 040 180 137 021 000 072 174 057 255 255 086 169 144
0230 000 133 091 008 154 074 030 029 133 101 034 255 255 108 188 183
0231 000 123 102 000 104 053 042 045 144 026 022 255 255 124 213 218
0232 000 089 057 000 049 105 040 058 086 088 040 245 255 151 208 249
0233 017 034 115 022 058 161 032 079 168 136 084 141 255 188 190 255
0234 049 000 129 005 115 173 004 065 172 099 121 058 255 253 118 255
0235 042 000 030 000 180 181 000 031 058 054 108 079 255 252 058 182
0236 036 006 017 000 186 189 000 015 053 039 100 091 255 235 089 153
0237 034 019 094 000 149 207 000 031 135 025 098 115 255 198 114 187
0238 030 066 127 026 067 225 017 039 175 146 092 215 252 129 154 207
0239 029 087 102 000 015 235 032 053 143 087 091 247 164 097 192 236
0240 033 050 089 010 043 209 035 048 125 113 096 177 137 080 198 222
0241 027 022 090 019 052 172 031 027 135 130 085 122 157 060 188 176
0242 008 035 092 018 078 129 031 006 131 129 057 145 255 021 188 128
0243 000 033 095 007 096 142 006 000 139 104 047 157 255 000 127 163
0244 011 022 167 006 111 173 000 000 205 132 068 140 255 015 092 078
0245 053 009 092 021 103 203 000 002 133 132 132 132 255 049 113 119
0246 075 034 098 006 092 204 018 011 141 101 163 163 255 059 158 138
0247 128 060 113 000 088 204 027 014 182 081 179 202 255 070 185 172
0248 099 092 182 004 091 187 081 025 241 099 199 254 255 132 220 174
0249 081 086 255 007 119 106 041 041 255 103 169 255 255 218 208 209
0250 061 118 145 000 134 088 007 059 192 044 138 232 255 231 130 228
0251 055 055 030 000 164 101 000 059 054 065 129 182 255 218 117 247
0252 048 036 131 000 182 134 000 052 179 075 119 149 255 190 049 234
0253 049 033 072 014 160 138 000 047 108 124 121 146 255 174 078 221
0254 062 035 061 004 115 130 000 053 091 099 146 148 255 165 097 235
0255 075 040 090 000 093 111 000 059 127 071 165 155 255 166 104 251
0256 074 024 053 000 124 081 000 064 108 084 161 120 255 164 103 255
0257 079 003 071 009 146 074 009 066 110 109 172 086 255 166 076 255
0258 094 044 108 000 175 100 000 047 159 053 192 169 255 171 099 222
0259 098 088 116 000 230 127 001 029 159 092 198 249 255 163 121 181
0260 109 108 128 000 189 145 015 019 176 075 213 255 255 141 157 159
0261 107 115 140 000 161 154 023 038 194 082 211 255 255 125 172 202
0262 091 098 129 013 106 175 040 045 173 121 183 254 255 105 208 217
0263 067 046 053 035 114 172 024 041 084 163 146 162 255 078 169 206
0264 059 035 054 026 159 116 010 022 087 142 134 152 255 054 136 160
0265 058 068 175 000 221 056 002 010 237 078 139 219 255 051 122 136
0266 070 089 219 000 252 041 003 027 255 075 158 252 255 104 120 179
0267 067 107 152 063 231 080 000 055 203 041 147 255 255 070 094 242
0268 039 115 092 020 166 107 000 066 130 135 106 255 255 085 058 255
0269 046 116 058 041 104 111 000 059 107 178 119 255 255 105 045 251
0270 038 072 033 019 140 149 000 062 059 131 102 221 255 134 069 254
0271 026 022 089 000 188 146 000 063 133 075 099 136 255 147 095 254
0272 003 020 157 000 249 099 010 039 213 116 069 123 255 138 141 198
0273 000 060 196 008 248 034 002 007 254 108 046 195 255 122 117 131
0274 032 053 243 010 250 005 001 015 255 112 099 180 250 109 117 150
0275 068 032 222 000 255 023 020 036 255 065 151 140 252 109 165 194
0276 079 025 173 000 255 000 028 051 223 080 168 131 255 128 183 231
0277 078 029 038 002 255 035 021 057 063 094 164 142 255 158 167 241
0278 060 069 050 000 236 090 000 048 082 074 142 220 255 187 078 227
0279 068 091 135 000 232 070 000 039 192 088 149 254 253 203 110 210
0280 078 074 179 004 199 046 000 025 238 028 167 219 255 208 068 173
0281 081 056 160 000 149 054 000 029 216 047 171 183 255 197 078 181
0282 072 041 083 000 131 057 008 048 117 055 165 158 255 158 069 225
0283 089 038 090 000 168 071 000 052 135 035 188 150 255 125 093 232
0284 097 022 090 000 161 110 014 042 127 018 196 121 255 133 148 207
0285 062 000 122 000 147 164 006 060 168 067 138 080 255 149 128 254
0286 028 000 066 000 151 177 002 081 097 085 087 082 255 164 116 255
0287 039 000 143 000 179 137 000 100 196 038 107 073 255 204 063 255
0288 072 027 149 000 204 084 000 097 202 028 159 134 255 250 097 255
0289 088 059 134 000 230 111 007 095 186 052 180 195 255 255 132 255
0290 073 083 137 000 250 112 010 086 188 065 153 243 255 255 137 255
0291 030 110 171 000 255 137 000 068 229 056 085 255 255 255 111 255
0292 000 115 227 000 255 104 009 087 255 076 005 255 255 206 038 255
0293 000 095 255 000 255 087 000 095 255 072 026 255 255 196 082 255
0294 008 084 138 000 230 134 011 086 184 073 061 243 255 199 141 255
0295 052 090 054 000 232 194 018 065 084 027 127 254 255 196 163 255
0296 074 099 086 000 206 185 019 083 126 048 161 255 255 192 165 255
0297 091 119 135 000 120 126 018 089 185 039 186 255 255 205 155 255
0298 082 130 110 000 101 058 008 087 154 082 172 255 255 227 134 255
0299 056 128 138 015 105 016 001 078 191 121 128 255 255 253 116 255
0300 026 121 116 021 110 016 000 082 160 131 082 255 255 255 113 255
0301 000 101 066 015 117 035 008 080 106 121 048 255 255 255 134 255
0302 028 042 146 009 110 105 004 092 198 111 058 153 255 234 122 255
0303 015 000 082 009 105 127 008 099 114 111 067 062 255 180 137 255
0304 007 021 082 004 098 128 008 062 119 098 060 124 255 137 134 249
0305 032 047 099 000 105 088 000 039 146 072 097 167 255 115 102 201
0306 047 044 173 000 127 052 000 032 231 071 118 162 255 110 093 186
0307 056 056 130 024 153 040 000 023 176 140 130 193 255 118 085 165
0308 021 108 055 020 149 021 000 032 088 131 075 255 255 139 092 185
0309 000 127 108 000 107 021 025 065 160 058 007 255 229 183 189 221
0310 000 130 166 000 105 030 040 063 221 083 039 255 199 215 207 254
0311 018 141 084 000 139 071 039 062 120 075 084 255 157 229 207 251
0312 019 141 069 000 161 119 036 041 101 093 077 255 100 203 199 205
0313 004 122 106 007 122 143 014 021 154 106 050 255 121 176 151 163
0314 002 076 127 003 113 111 028 026 174 097 038 219 200 164 181 172
0315 000 053 116 000 122 074 036 025 159 046 028 180 254 169 199 172
0316 012 067 089 000 122 058 045 002 128 001 068 179 255 194 219 114
0317 039 060 076 000 102 098 019 000 116 014 108 193 255 208 157 096
0318 067 045 156 000 116 111 000 016 214 090 150 167 255 210 094 157
0319 089 041 154 014 167 105 000 046 208 121 184 156 255 197 110 227
0320 098 035 131 006 176 109 004 049 178 103 196 145 255 187 124 229
0321 084 020 144 000 188 147 020 024 197 061 175 116 255 163 163 171
0322 053 055 080 000 195 175 013 000 112 020 125 190 255 147 147 100
0323 051 074 087 000 146 191 031 002 126 055 122 220 255 156 189 118
0324 052 042 024 000 154 176 043 019 048 070 125 156 255 178 214 181
0325 051 024 070 000 157 157 032 031 109 081 123 123 255 196 189 185
0326 036 005 152 000 139 137 001 056 207 068 097 140 255 226 108 246
0327 022 037 088 000 090 120 000 069 127 047 078 168 255 252 081 255
0328 030 094 055 000 061 128 000 055 086 037 093 255 255 240 118 237
0329 039 110 108 000 066 165 010 040 091 059 110 255 255 222 142 202
0330 059 113 240 000 078 194 004 037 255 074 140 255 255 213 124 201
0331 073 083 255 011 161 163 000 023 255 115 159 255 255 236 079 162
0332 066 051 255 016 168 174 000 004 255 123 146 255 255 254 071 117
0333 053 040 255 009 173 201 000 000 255 110 124 254 255 255 110 080
0334 066 029 211 000 176 223 001 000 255 046 150 184 255 255 094 084
0335 089 035 167 000 176 220 000 000 221 041 184 150 255 255 110 107
0336 109 052 085 001 186 191 000 004 119 090 215 184 255 255 108 127
0337 124 060 052 003 197 132 000 027 082 096 237 193 255 255 097 183
0338 129 060 072 000 194 075 000 050 112 046 244 194 224 246 092 230
0339 095 067 255 000 158 059 000 080 255 062 193 211 191 255 062 255
0340 060 075 240 000 153 125 011 081 255 071 137 223 231 255 142 255
0341 061 061 142 000 148 149 025 103 190 054 138 192 255 255 172 255
0342 064 043 137 000 137 126 028 114 187 041 143 165 255 255 182 255
0343 063 054 137 000 139 118 026 114 189 045 142 186 255 255 176 255
0344 069 092 133 000 130 091 018 097 182 089 156 253 255 255 160 255
0345 095 096 132 000 089 125 005 068 182 079 194 255 255 217 126 254
0346 114 088 171 000 085 127 005 031 229 051 224 249 255 189 094 202
0347 138 089 105 000 118 129 000 006 141 065 254 250 255 198 061 125
0348 157 091 000 000 131 117 000 007 023 068 255 254 255 210 074 128
0349 166 081 054 013 157 077 001 010 089 119 255 235 255 218 118 141
0350 153 048 203 006 210 100 021 023 254 100 255 170 255 192 162 170
0351 140 048 129 000 247 185 007 044 170 034 254 175 255 155 126 214
0352 125 026 016 000 228 139 000 035 043 020 238 128 255 131 058 194
0353 113 046 063 000 168 075 000 026 141 052 217 171 255 145 067 175
0354 090 079 140 000 038 062 000 027 190 058 183 240 255 069 110 151
0355 069 105 102 000 008 040 000 029 143 041 147 255 255 045 090 187
0356 058 106 083 000 076 059 000 044 123 068 133 255 255 052 109 224
0357 060 084 084 000 051 078 000 041 120 057 137 242 255 088 093 208
0358 061 067 046 000 037 087 000 044 075 044 139 210 255 109 102 216
0359 060 043 069 004 098 094 000 043 109 104 137 158 255 125 057 212
0360 057 001 145 017 141 131 000 038 199 126 131 071 255 122 050 202
0361 054 000 126 001 238 181 000 048 174 092 128 058 255 112 116 221
0362 046 000 068 008 255 220 000 037 100 109 117 070 255 119 102 203
0363 042 018 070 000 255 228 001 039 104 072 112 121 255 134 120 212
0364 048 050 091 000 255 184 000 038 133 072 123 179 255 164 088 206
0365 076 070 149 000 255 141 000 029 203 066 166 214 255 216 054 183
0366 131 077 194 000 255 129 000 010 253 081 249 228 255 255 092 139
0367 146 078 117 000 255 146 000 036 189 078 255 233 255 255 112 199
0368 101 081 061 000 248 178 000 051 096 029 197 237 255 255 085 240
0369 022 087 130 000 228 188 000 019 178 024 076 249 255 255 089 157
0370 000 107 117 000 212 148 005 026 166 078 037 255 255 255 126 175
0371 000 127 204 000 242 123 011 034 253 077 035 255 255 255 142 194
0372 000 145 252 000 255 108 000 021 255 051 041 255 255 226 108 160
0373 005 131 185 000 255 180 000 017 241 038 054 255 225 215 092 154
0374 011 107 104 000 211 255 000 033 142 057 063 255 206 242 059 192
0375 027 101 113 000 204 255 000 038 157 068 088 255 222 255 068 203
0376 040 094 096 000 209 255 001 031 137 081 110 254 242 255 112 189
0377 061 081 097 000 160 255 017 069 141 027 141 233 255 255 155 255
0378 073 070 057 000 159 255 002 098 090 029 158 210 255 253 122 255
0379 083 056 151 000 243 255 019 100 205 057 175 184 255 203 163 255
0380 084 049 102 000 255 255 009 078 142 053 177 175 255 161 137 255
0381 085 048 091 000 255 255 000 044 133 072 180 172 255 113 113 225
0382 103 046 077 005 248 255 000 035 111 115 210 167 255 090 149 198
0383 132 045 086 010 219 255 000 037 131 108 250 167 255 099 086 196
0384 139 059 184 000 245 241 000 023 241 032 255 196 255 153 072 163
0385 136 067 161 000 252 228 000 013 216 026 253 222 255 172 055 139
0386 110 120 141 000 252 151 000 000 190 030 216 255 255 174 077 167
0387 106 125 061 000 218 133 000 000 094 067 209 255 255 097 095 100
0388 099 122 052 000 196 162 006 022 086 041 198 255 255 034 081 190
0389 095 110 088 000 208 187 000 053 130 064 192 255 255 029 050 240
0390 100 090 069 000 255 190 000 067 102 092 201 250 255 097 068 255
0391 114 077 048 001 255 196 000 067 077 089 223 225 255 147 107 255
0392 125 065 049 004 255 198 000 070 122 048 239 204 255 144 112 255
0393 134 041 082 000 255 208 020 063 123 013 253 155 255 102 137 254
0394 150 045 182 000 253 228 000 043 243 036 255 170 255 058 108 208
0395 167 085 205 000 244 231 002 009 255 016 255 245 255 041 119 129
0396 181 137 161 000 255 202 000 000 214 085 255 255 255 053 108 102
0397 164 136 106 020 255 175 001 000 147 133 255 255 255 075 116 112
0398 113 092 033 019 255 136 000 004 061 130 213 247 255 080 047 127
0399 069 054 058 009 255 130 000 019 090 110 144 179 255 085 089 180
0400 027 029 079 000 255 142 005 025 118 070 087 147 255 089 125 169
0401 031 010 061 000 255 178 010 017 091 061 095 101 255 098 137 154
0402 081 042 037 000 235 232 017 029 055 023 175 163 255 090 157 180
0403 136 057 034 000 216 255 027 020 063 012 253 187 255 071 198 156
0404 161 054 057 000 208 255 023 014 088 043 255 184 255 057 164 153
0405 191 044 064 000 193 255 013 025 121 105 255 168 246 034 146 168
0406 197 047 081 000 189 255 000 000 114 062 255 173 255 042 121 102
0407 187 047 030 000 181 250 000 000 084 038 255 173 255 074 123 103
0408 175 048 030 000 185 246 000 000 055 058 255 176 255 120 104 089
0409 175 047 053 000 172 247 024 000 085 032 255 172 255 158 172 067
0410 172 074 034 000 163 243 021 000 044 069 255 175 255 169 160 111
0411 174 056 064 000 185 249 022 026 104 038 255 191 255 192 169 174
0412 185 061 137 000 240 255 037 018 187 035 255 197 252 196 201 154
0413 210 059 059 000 255 255 001 014 085 028 255 190 253 197 120 148
0414 225 048 088 000 255 255 001 021 139 019 255 169 255 193 066 182
0415 250 027 255 000 255 255 000 034 255 052 255 131 255 176 067 190
0416 255 000 253 000 255 255 000 034 255 065 255 084 255 138 086 194
0417 255 000 152 000 251 255 000 044 204 021 255 047 255 086 077 215
0418 255 000 128 000 214 255 000 039 177 047 255 026 255 055 100 204
0419 243 006 144 000 224 255 000 031 198 056 255 097 255 056 084 186
0420 222 036 116 000 255 255 000 043 160 084 255 154 255 071 076 218
0421 226 038 046 000 255 255 000 055 075 068 255 155 255 095 110 232
0422 204 037 052 000 255 255 008 040 081 051 255 149 255 138 135 205
0423 167 023 087 000 224 255 000 020 126 056 255 121 255 189 105 163
0424 154 015 063 000 195 255 000 012 096 038 255 110 255 224 085 140
0425 133 022 038 012 167 255 000 014 067 056 249 124 255 242 071 146
0426 119 028 017 000 147 255 000 027 039 052 229 135 255 208 087 178
0427 092 001 000 000 173 236 000 033 015 004 183 079 255 154 083 194
0428 050 000 001 000 209 251 000 036 017 017 126 019 255 124 084 195
0429 069 000 076 000 205 255 000 030 118 016 157 022 255 119 054 183
0430 082 000 159 000 202 255 000 027 217 022 173 048 255 110 097 175
0431 078 000 106 000 182 255 004 018 143 029 164 047 255 103 142 152
0432 066 000 081 000 170 255 000 001 126 034 145 069 255 144 056 118
0433 049 000 169 000 188 255 000 028 228 047 117 078 255 189 068 178
0434 007 018 141 000 219 255 010 033 190 032 057 114 255 230 142 191
0435 000 033 059 000 215 255 015 011 090 025 024 142 255 249 152 134
0436 000 040 126 000 187 255 011 012 177 044 026 158 255 246 141 143
0437 010 043 157 000 163 255 002 007 212 033 063 159 255 223 121 127
0438 027 057 099 000 182 255 002 006 110 084 087 123 255 192 121 070
0439 034 000 081 001 205 255 013 000 117 054 097 120 255 162 148 064
0440 056 000 079 000 249 255 011 005 114 012 134 109 255 144 140 101
0441 087 000 055 000 255 255 018 034 085 021 182 094 255 168 158 199
0442 099 004 094 000 255 236 008 061 138 044 198 135 255 208 140 252
0443 085 004 151 000 255 250 000 053 204 069 175 096 255 236 052 230
0444 101 006 169 000 246 255 000 038 227 105 202 089 255 254 045 202
0445 108 010 147 000 198 255 005 033 199 077 212 098 255 255 128 187
0446 093 014 157 000 206 255 041 022 213 063 187 104 255 255 213 164
0447 070 004 171 000 205 255 048 049 227 088 152 085 255 255 225 225
0448 074 000 115 000 201 255 032 077 158 029 165 024 255 255 190 255
0449 087 000 070 000 223 255 009 098 102 026 186 006 255 255 132 255
0450 099 000 080 000 235 252 000 120 122 049 202 023 255 200 102 255
0451 098 000 130 000 244 255 000 135 179 045 198 068 255 139 070 255
0452 082 008 067 000 229 255 006 136 098 032 171 100 255 109 052 255
0453 069 016 052 000 184 255 000 164 083 049 151 112 255 114 089 255
0454 055 023 098 000 139 230 016 119 142 042 133 127 255 148 156 255
0455 067 023 156 001 168 227 033 083 213 085 154 121 255 173 193 255
0456 061 043 115 000 149 251 013 027 158 038 140 167 255 179 148 169
0457 027 065 134 000 086 255 000 011 184 029 085 203 255 177 113 144
0458 027 056 122 000 089 255 000 032 167 027 087 183 255 184 067 185
0459 020 036 134 000 085 255 000 023 187 048 076 142 255 183 050 164
0460 039 000 181 000 098 255 000 004 239 080 108 061 255 169 049 120
0461 075 000 152 000 093 255 000 000 205 110 166 070 255 163 083 104
0462 095 001 132 000 062 255 000 000 183 046 194 140 255 158 057 064
0463 055 000 169 000 089 255 000 000 229 050 129 126 255 114 067 068
0464 019 010 207 000 088 255 000 000 255 062 071 103 255 095 059 069
0465 000 019 147 000 066 255 000 000 200 104 001 119 255 027 002 066
0466 000 038 084 000 050 255 000 000 120 077 000 155 255 023 001 081
0467 000 074 117 000 047 255 000 000 162 070 027 225 255 028 005 084
0468 000 089 075 000 098 255 000 000 110 043 000 249 255 023 017 081
0469 000 085 068 000 099 255 000 000 100 033 003 240 255 040 023 111
0470 000 065 053 000 044 255 000 003 087 004 042 201 255 085 081 122
0471 019 058 080 000 012 255 000 004 108 006 078 189 255 125 055 130
0472 038 039 090 000 000 255 000 012 134 030 107 153 255 177 049 146
0473 048 055 082 000 032 153 000 000 120 001 122 187 255 234 087 086
0474 061 078 058 000 056 086 007 000 095 007 145 230 255 255 134 101
0475 077 090 057 000 026 108 031 008 089 054 168 252 255 255 188 134
0476 099 082 041 000 034 084 039 035 069 023 199 235 255 245 203 197
0477 114 065 055 000 055 054 032 053 085 008 221 201 255 224 190 233
0478 109 050 057 000 068 093 014 045 093 049 213 176 255 240 141 212
0479 102 033 103 005 115 159 000 026 144 100 201 147 255 252 043 173
0480 080 015 092 000 107 120 000 001 130 069 173 121 255 255 087 111
0481 053 004 059 000 063 037 024 000 095 032 125 089 255 231 178 087
0482 014 000 074 000 029 040 057 000 086 051 065 071 255 225 250 079
0483 000 000 097 000 041 030 073 000 143 060 066 044 255 227 255 091
0484 014 000 178 000 103 030 058 020 243 066 070 029 255 241 245 107
0485 034 000 255 000 140 044 039 000 255 083 101 059 255 241 207 074
0486 050 006 255 000 162 048 036 000 255 028 127 094 255 241 199 109
0487 045 011 209 000 139 076 051 012 255 036 115 102 255 239 232 138
0488 029 014 228 000 098 001 033 007 255 068 088 113 255 229 201 127
0489 034 000 181 000 037 000 000 018 234 041 097 078 255 229 096 101
0490 052 003 206 000 000 010 000 006 255 032 127 088 255 254 093 135
0491 054 000 255 000 000 035 000 037 255 002 128 050 255 255 063 205
0492 052 000 242 000 000 061 013 067 255 019 125 029 255 255 074 255
0493 051 000 144 000 011 091 000 082 201 030 127 030 255 255 061 255
0494 050 000 165 000 000 112 000 073 221 055 125 041 255 255 091 255
0495 058 000 224 000 000 094 012 064 255 022 135 035 255 255 148 254
0496 073 000 251 000 030 042 003 036 255 022 164 013 255 228 117 193
0497 084 000 241 000 076 002 000 055 255 021 179 023 255 192 075 140
0498 083 000 145 000 156 004 000 036 193 027 174 031 255 176 066 215
0499 063 000 078 000 181 076 000 050 115 105 143 052 255 217 064 233
0500 069 000 068 000 153 121 000 050 108 040 149 051 255 254 078 230
0501 053 000 195 000 117 163 003 019 252 080 127 076 255 255 153 160
0502 046 000 239 000 103 191 015 018 255 025 115 068 255 255 152 154
0503 044 000 227 000 093 183 012 000 255 046 114 037 255 241 142 131
0504 034 000 071 000 171 137 000 000 103 027 097 065 255 234 076 104
0505 028 001 135 029 241 129 000 000 190 052 071 079 255 253 041 108
0506 000 063 244 000 234 174 000 010 255 079 016 061 255 255 068 136
0507 000 001 243 000 172 191 000 008 255 039 023 081 255 249 098 131
0508 000 043 193 000 077 138 007 007 252 038 021 167 255 205 140 135
0509 000 076 212 000 078 077 011 007 254 062 039 225 255 178 131 132
0510 006 072 103 000 096 071 000 004 174 070 045 216 255 185 104 125
0511 029 025 063 000 111 096 011 009 093 082 092 129 255 217 140 134
0512 049 000 140 000 158 102 000 000 196 074 120 058 255 241 111 101
0513 014 000 147 000 182 070 000 000 195 066 110 067 255 229 071 061
0514 035 000 103 003 190 043 000 000 154 101 102 067 255 200 054 079
0515 060 000 249 014 222 034 000 000 255 122 139 073 255 178 050 139
0516 086 000 255 004 227 041 000 003 255 091 181 063 255 164 035 119
0517 104 000 255 024 201 021 000 002 255 144 208 050 255 170 058 114
0518 109 000 215 023 181 063 000 000 255 134 213 049 255 177 103 087
0519 095 000 145 003 169 075 000 005 195 083 192 043 255 183 087 125
0520 073 000 103 000 158 059 000 019 152 072 156 045 255 171 108 157
0521 052 015 134 000 166 076 000 029 182 043 127 133 255 128 045 182
0522 052 044 107 000 177 109 000 017 155 082 125 220 255 104 056 152
0523 054 047 128 004 165 125 000 003 173 097 126 247 255 100 080 116
0524 028 052 105 003 164 136 000 004 150 095 086 255 255 112 079 124
0525 000 054 125 000 189 143 003 043 174 078 081 255 255 135 119 216
0526 000 024 115 000 195 203 002 055 162 034 001 211 255 160 084 236
0527 021 000 115 000 177 255 000 031 171 059 061 102 255 191 069 183
0528 029 000 132 000 162 255 000 024 186 048 095 061 255 188 069 170
0529 065 001 191 000 159 255 000 034 250 033 146 081 255 226 056 210
0530 096 006 110 000 157 234 002 020 156 020 200 091 255 245 051 175
0531 117 000 118 000 167 182 000 010 165 062 229 039 255 217 049 134
0532 113 063 187 000 167 145 000 000 246 058 220 000 239 178 054 105
0533 093 000 198 000 153 112 000 063 250 066 188 024 155 143 025 087
0534 061 000 113 000 110 127 000 019 157 048 136 003 121 154 018 165
0535 033 000 066 000 097 152 000 044 102 084 104 005 124 183 026 213
0536 001 000 148 000 131 159 000 020 206 084 040 057 156 198 069 157
0537 000 000 190 000 141 166 000 000 246 070 001 063 191 192 067 106
0538 000 000 075 000 131 169 000 000 108 086 000 076 254 170 087 052
0539 000 000 121 002 120 157 000 000 173 092 002 063 255 164 076 066
0540 000 000 243 000 103 138 000 000 255 088 024 021 255 163 035 121
0541 000 000 251 000 048 129 000 000 255 049 091 017 255 156 044 097
0542 000 000 217 000 053 128 000 000 255 039 040 042 255 147 049 093
0543 000 003 149 000 123 126 000 000 202 047 035 104 255 143 051 104
0544 006 000 135 000 157 117 000 001 203 034 059 142 255 164 070 120
0545 023 021 115 000 186 126 000 025 162 060 081 179 255 175 071 171
0546 017 031 107 000 195 122 000 026 149 049 067 199 255 152 090 170
0547 000 030 147 000 163 124 000 009 203 046 013 191 255 117 060 133
0548 000 016 205 000 123 153 000 022 255 064 022 143 255 129 083 162
0549 001 021 138 000 083 155 000 005 189 096 048 122 255 145 078 140
0550 004 042 129 000 090 147 000 004 178 087 054 164 255 158 067 125
0551 000 076 124 000 094 150 000 011 191 099 039 228 255 200 087 141
0552 001 084 167 000 069 138 000 004 224 041 047 243 255 233 092 120
0553 040 061 119 000 072 148 000 004 163 045 109 212 255 238 077 154
0554 055 047 104 000 073 184 000 009 149 050 133 173 255 205 068 140
0555 053 065 194 000 063 178 000 048 250 042 126 209 255 178 082 226
0556 050 064 255 000 077 155 000 069 255 053 121 206 255 174 101 255
0557 044 044 249 000 121 112 000 065 255 088 110 161 255 180 107 255
0558 018 032 255 000 124 082 000 066 255 063 073 139 255 204 113 255
0559 028 035 255 002 126 090 000 048 255 096 086 158 255 234 053 224
0560 018 039 203 000 143 114 003 052 254 064 073 173 255 253 047 237
0561 002 057 209 000 160 111 000 039 255 108 050 186 255 255 077 206
0562 000 066 230 000 160 086 000 015 255 074 036 209 255 255 110 150
0563 000 064 186 005 162 084 000 000 241 102 016 209 255 252 110 112
0564 000 026 113 025 100 113 000 002 159 142 008 149 255 215 124 120
0565 000 000 079 000 046 125 000 027 115 056 039 107 255 190 114 179
0566 000 025 094 000 101 074 012 049 136 025 011 131 255 194 144 231
0567 000 047 121 000 152 025 014 057 169 055 008 174 255 210 144 242
0568 018 073 075 063 133 029 000 048 109 069 079 231 255 188 102 221
0569 074 082 063 000 096 068 000 037 099 080 164 255 255 189 072 198
0570 099 068 094 000 118 081 000 025 147 063 198 255 255 200 042 171
0571 105 027 255 063 128 048 000 051 255 017 206 246 255 219 111 230
0572 057 000 225 000 115 081 020 084 255 035 129 104 255 230 150 255
0573 039 016 179 001 091 171 022 065 235 093 089 113 255 223 170 255
0574 023 056 101 000 046 202 037 065 143 061 080 194 255 203 200 255
0575 003 084 089 000 017 176 026 055 128 030 048 246 255 204 175 235
0576 005 111 172 000 014 107 000 038 231 043 056 255 255 243 102 202
0577 028 116 216 000 058 068 000 027 255 033 088 255 255 255 072 175
0578 017 116 199 000 052 040 000 021 252 043 072 255 255 255 074 167
0579 014 116 156 004 046 019 000 037 213 115 081 255 255 255 071 205
0580 022 109 191 017 020 063 000 039 246 124 080 255 255 232 117 208
0581 022 106 129 000 011 036 000 045 173 079 079 255 255 212 095 223
0582 027 092 110 000 064 034 000 060 154 090 089 251 255 191 098 252
0583 025 074 077 000 062 012 000 080 113 069 084 225 255 167 091 255
0584 005 058 190 000 001 000 000 086 248 072 053 194 255 154 057 255
0585 009 047 231 000 027 000 000 082 255 077 056 167 255 148 038 255
0586 015 035 186 020 038 000 000 068 242 136 067 144 255 151 032 255
0587 002 006 183 007 021 000 000 048 242 101 048 092 255 163 077 224
0588 000 001 135 000 060 070 000 042 183 068 045 083 255 190 094 209
0589 017 000 083 000 063 103 006 072 118 044 072 098 255 228 135 255
0590 015 000 071 000 013 100 010 088 144 059 073 109 255 255 140 255
0591 015 000 101 000 000 076 005 103 145 053 068 095 255 255 128 255
0592 006 000 101 000 052 085 009 100 150 033 045 069 255 255 135 255
0593 000 015 140 000 043 104 017 075 193 047 045 174 218 234 154 255
0594 000 065 119 001 052 148 010 064 188 095 013 255 148 156 142 205
0595 000 093 166 003 067 189 035 050 222 110 009 255 156 110 200 234
0596 000 122 152 000 049 254 061 087 202 047 043 255 253 072 254 255
0597 005 152 119 000 024 251 055 096 166 084 052 255 255 078 240 255
0598 013 160 074 009 031 215 017 106 108 110 070 255 255 118 155 255
0599 040 151 158 007 044 184 021 114 220 104 112 255 255 172 162 255
0600 077 122 253 000 045 176 008 116 255 035 097 255 255 159 137 255
0601 006 083 221 000 000 171 000 098 255 047 056 255 255 115 104 255
0602 001 053 154 000 030 171 001 076 204 080 043 250 255 094 115 255
0603 000 021 063 000 005 207 002 062 096 061 039 193 255 122 119 251
0604 010 010 150 000 019 246 007 069 211 045 064 169 255 175 130 255
0605 017 031 219 000 065 254 000 072 255 040 117 182 255 191 117 255
0606 003 033 096 000 077 255 000 052 135 058 045 173 255 167 068 227
0607 025 030 048 004 055 233 000 001 098 097 102 217 255 131 034 115
0608 058 041 063 001 061 205 000 005 096 089 164 246 255 113 058 123
0609 101 060 086 000 050 172 000 002 127 071 204 255 255 091 089 114
0610 088 058 109 000 014 178 000 019 154 059 176 255 255 089 055 164
0611 050 061 144 000 000 187 000 030 193 037 120 255 255 136 059 184
0612 050 065 140 000 029 182 000 018 198 052 120 255 255 175 077 156
0613 010 044 110 000 057 153 014 007 159 090 058 241 255 230 144 129
0614 034 019 036 000 036 128 020 008 074 085 102 199 255 255 160 136
0615 062 005 020 000 007 110 009 006 067 088 144 178 255 255 132 123
0616 068 000 058 000 003 110 000 027 130 051 148 207 255 231 115 177
0617 041 000 213 006 055 138 019 037 255 103 109 248 255 207 159 197
0618 016 020 235 004 106 219 025 022 255 117 112 254 255 199 172 165
0619 000 064 185 011 149 255 008 010 242 114 043 253 255 211 134 141
0620 026 088 095 000 190 255 000 011 110 083 086 255 255 233 056 141
0621 029 091 146 000 186 211 000 058 202 058 093 255 255 228 076 137
0622 039 099 253 000 151 181 000 001 255 045 105 255 255 219 108 117
0623 016 116 152 000 135 169 000 022 195 085 066 255 255 198 083 166
0624 000 116 077 000 090 155 000 011 118 053 055 255 255 185 085 140
0625 000 095 159 000 040 126 000 023 214 115 000 255 255 172 090 164
0626 063 076 227 017 028 102 000 015 255 125 039 255 255 212 109 174
0627 000 060 255 001 025 137 000 007 255 083 050 255 255 251 082 140
0628 000 044 220 000 027 190 000 001 255 053 053 255 255 255 027 151
0629 000 050 199 000 054 208 000 026 251 062 055 243 255 255 067 177
0630 000 057 123 014 039 216 000 039 174 120 041 213 255 255 077 206
0631 023 041 166 000 012 231 000 034 231 078 082 156 255 255 060 194
0632 097 020 172 013 002 243 000 034 231 119 114 117 255 255 031 194
0633 054 010 118 011 000 248 000 053 160 113 129 098 255 255 046 240
0634 066 019 088 000 000 229 000 074 131 061 146 127 255 223 059 255
0635 055 041 072 000 071 181 000 086 106 052 129 218 255 199 028 255
0636 031 062 073 000 159 166 002 088 095 076 080 255 255 231 042 255
0637 046 081 058 005 179 172 000 085 089 102 120 255 238 253 041 255
0638 079 102 099 015 140 183 000 052 149 126 168 255 223 255 029 228
0639 064 110 094 066 101 216 000 009 135 231 141 255 225 255 053 129
0640 042 104 097 053 134 212 000 013 177 197 109 255 249 255 075 143
0641 030 101 114 000 163 201 000 024 149 062 091 255 255 219 061 170
0642 018 097 136 000 118 211 000 051 185 061 071 255 254 201 045 233
0643 000 085 177 000 096 220 000 056 239 053 030 248 251 191 030 237
0644 000 062 255 000 078 198 000 038 255 050 034 226 254 185 042 199
0645 000 041 164 000 014 177 000 040 214 055 030 225 253 174 047 208
0646 038 035 124 008 000 186 000 043 174 109 061 226 246 155 077 214
0647 013 033 133 076 000 178 000 024 183 125 073 201 239 150 077 170
0648 003 025 217 000 044 135 000 008 255 084 049 132 247 147 150 132
0649 000 000 216 000 068 137 027 013 255 056 043 040 255 136 180 147
0650 000 000 167 000 039 176 026 034 221 060 037 043 255 125 178 194
0651 003 000 187 000 033 191 006 054 246 044 051 015 255 123 117 228
0652 008 003 171 001 056 179 000 042 225 090 060 050 255 128 079 210
0653 006 013 098 027 065 145 003 024 135 146 056 132 255 132 125 165
0654 000 038 115 000 000 082 000 020 163 057 020 208 255 129 064 164
0655 009 044 091 005 006 035 003 058 129 111 059 215 255 133 129 248
0656 029 045 067 000 040 023 033 079 102 103 091 193 255 144 194 255
0657 032 046 095 000 050 037 038 075 135 102 095 166 255 158 216 255
0658 023 040 086 000 038 090 016 054 126 078 064 163 255 171 146 235
0659 000 060 104 000 049 148 018 048 143 055 035 200 255 197 160 203
0660 000 052 044 000 043 194 029 051 073 057 047 187 246 233 190 231
0661 016 048 056 000 041 207 029 049 088 049 073 178 234 254 182 228
0662 055 040 094 000 065 185 003 038 140 043 133 163 222 255 117 199
0663 081 029 106 000 076 121 003 031 150 040 171 151 222 255 117 204
0664 084 025 088 000 089 085 000 036 128 045 175 139 237 255 106 195
0665 064 021 124 000 106 053 000 033 173 104 146 121 255 219 075 188
0666 038 032 112 021 062 080 000 008 157 140 103 146 255 156 055 129
0667 013 080 165 037 040 101 000 000 187 168 063 242 255 150 052 099
0668 000 117 125 049 007 076 000 000 171 190 038 255 255 174 066 101
0669 000 113 121 033 000 035 001 000 170 156 006 255 255 189 116 095
0670 000 075 123 000 020 038 000 000 174 071 000 255 255 146 080 109
0671 005 004 165 000 044 124 000 000 220 068 000 129 255 053 018 106
0672 000 012 069 000 055 156 000 000 098 063 000 108 255 036 020 105
0673 000 052 037 000 048 131 000 005 112 043 015 185 255 055 056 131
0674 000 060 027 002 045 110 000 081 055 097 017 199 255 055 068 166
0675 051 084 065 024 084 131 000 046 096 143 058 247 255 044 066 220
0676 007 109 106 000 065 173 000 080 150 082 073 255 255 056 059 255
0677 000 119 056 000 014 188 000 094 087 039 070 255 255 113 056 255
0678 000 086 099 000 030 187 000 086 140 073 078 253 255 169 085 255
0679 000 004 090 000 048 158 000 061 131 081 048 115 255 226 100 251
0680 000 000 115 000 046 127 000 078 166 064 035 047 255 205 096 255
0681 000 014 136 000 056 111 000 074 189 069 044 117 255 176 056 255
0682 026 082 185 000 047 093 000 046 245 045 088 244 255 129 073 218
0683 071 117 173 000 023 045 000 020 229 097 156 255 255 091 093 166
0684 104 126 112 000 021 024 000 037 156 072 209 255 255 062 136 198
0685 117 100 057 002 027 000 000 049 089 096 225 255 255 072 070 224
0686 108 084 048 009 053 008 000 038 075 109 210 241 255 102 084 197
0687 081 074 040 007 017 036 000 030 068 103 168 227 255 162 060 179
0688 064 080 048 000 018 067 000 022 080 087 141 237 255 195 053 171
0689 049 108 004 022 053 106 000 035 032 135 119 255 255 188 065 200
0690 064 113 023 005 066 114 000 072 093 062 145 255 255 164 086 255
0691 088 090 042 004 061 099 000 109 058 102 184 244 255 161 041 255
0692 128 035 116 018 031 078 000 134 163 131 245 141 255 156 059 255
0693 145 021 128 033 000 065 000 119 173 157 255 125 255 107 056 255
0694 143 050 122 043 000 082 004 095 170 183 255 182 255 051 040 255
0695 130 060 092 023 000 101 000 081 128 136 245 200 255 042 051 255
0696 097 051 035 031 025 125 000 061 069 160 197 219 255 066 045 249
0697 065 034 064 022 076 144 000 056 098 134 139 243 255 120 083 243
0698 030 028 144 001 091 199 013 074 200 094 089 242 255 193 151 255
0699 000 031 159 000 085 188 030 065 212 044 040 195 255 216 190 254
0700 001 029 168 000 071 156 026 041 226 086 048 170 255 200 181 221
0701 023 009 204 000 070 107 011 037 255 029 084 121 255 168 140 207
0702 042 027 123 000 077 098 007 063 164 074 113 139 255 147 127 254
0703 081 065 030 000 079 102 013 082 052 065 172 207 255 118 163 255
0704 081 085 033 000 086 084 012 087 108 079 168 245 255 097 172 255
0705 052 088 114 000 084 015 000 090 165 051 124 250 255 088 105 255
0706 028 077 047 000 055 029 004 065 073 066 087 228 255 117 123 252
0707 012 071 047 008 116 060 000 018 081 109 064 212 255 149 087 152
0708 001 062 121 008 165 012 000 017 171 111 041 199 255 142 058 086
0709 000 055 083 001 179 000 000 000 116 088 024 184 255 126 078 056
0710 000 052 097 000 118 003 000 000 142 047 041 177 255 103 073 066
0711 014 034 135 000 050 016 000 000 185 057 068 141 255 118 077 060
0712 041 022 151 000 056 017 000 001 206 084 110 117 255 151 113 115
0713 057 010 174 000 083 017 011 008 232 073 132 107 255 166 151 130
0714 071 039 039 003 089 005 023 030 072 096 154 157 255 201 168 190
0715 071 064 026 000 023 009 000 047 053 048 154 203 255 221 104 220
0716 058 060 075 032 011 053 000 035 114 163 132 192 255 235 049 194
0717 026 016 108 029 059 095 000 025 148 141 091 106 255 228 066 167
0718 002 000 002 000 069 067 000 024 039 073 047 061 255 189 099 172
0719 000 034 021 000 075 042 005 043 077 038 027 100 255 159 129 218
0720 000 013 048 000 088 021 020 081 079 060 037 108 255 120 161 255
0721 030 026 077 000 037 000 003 091 111 084 095 129 255 082 120 255
0722 058 006 084 000 084 005 000 083 124 116 135 089 255 052 052 255
0723 056 003 094 014 130 035 000 069 135 151 130 085 255 043 079 255
0724 035 009 070 011 110 020 000 032 107 111 096 098 255 048 070 183
0725 029 020 093 000 060 000 000 033 132 046 091 118 255 076 114 192
0726 018 017 006 001 030 064 000 024 057 093 070 127 255 131 044 170
0727 000 010 032 000 032 083 000 012 065 088 043 098 255 169 034 148
0728 000 007 126 000 020 038 000 026 176 067 032 119 255 189 081 178
0729 000 020 110 000 006 000 018 044 158 032 045 123 255 203 166 223
0730 047 029 141 000 024 000 044 046 192 046 121 211 255 206 224 221
0731 082 025 085 004 011 000 032 052 122 101 172 226 255 194 188 234
0732 097 020 061 000 015 000 022 062 071 073 198 174 255 175 166 254
0733 112 005 058 001 051 000 002 074 084 067 220 089 255 133 117 255
0734 072 014 024 000 004 002 014 056 098 041 155 113 255 089 122 242
0735 034 035 108 014 024 041 023 022 157 125 098 144 255 055 170 166
0736 064 017 130 017 073 052 022 031 178 123 117 116 255 029 166 186
0737 055 052 099 000 049 065 015 041 145 078 129 183 255 026 173 208
0738 051 087 072 013 007 093 000 029 143 132 122 250 255 026 088 179
0739 054 094 127 009 026 104 000 026 179 115 132 254 255 029 054 175
0740 072 081 095 000 061 087 000 038 129 062 164 233 255 031 084 204
0741 113 066 020 001 056 067 000 082 043 086 225 207 255 065 093 255
0742 139 079 039 028 000 028 002 105 068 151 255 236 255 094 119 255
0743 140 093 094 021 000 094 026 081 139 136 255 254 255 089 189 255
0744 130 073 135 077 025 132 050 078 185 250 246 218 255 091 237 255
0745 122 073 080 104 018 113 069 075 114 255 235 225 255 097 255 255
0746 108 087 103 033 063 123 081 046 149 152 213 249 255 104 255 215
0747 101 065 119 016 010 104 072 027 166 124 200 203 255 079 255 176
0748 098 014 159 000 007 055 052 039 215 083 196 099 255 043 231 204
0749 088 000 123 013 035 049 000 043 170 119 182 066 255 046 079 212
0750 075 000 102 038 065 049 016 055 144 169 163 102 255 046 088 243
0751 046 000 090 025 065 039 010 074 130 143 115 136 255 047 141 255
0752 008 024 132 000 042 033 012 086 181 072 057 149 255 049 150 255
0753 000 062 094 000 038 027 005 086 136 053 043 199 233 036 127 255
0754 022 069 073 000 045 011 000 073 112 057 082 211 170 022 074 255
0755 044 046 112 000 038 032 000 057 158 079 105 166 211 024 092 241
0756 020 017 064 012 018 068 000 031 094 122 090 108 255 026 112 181
0757 009 001 034 047 031 072 001 010 067 194 059 073 255 066 119 135
0758 016 004 031 065 017 065 000 004 072 222 108 087 255 125 103 154
0759 014 008 072 043 019 052 003 049 110 157 065 133 255 163 117 229
0760 000 000 067 014 051 036 006 066 103 118 012 181 255 163 128 255
0761 000 000 116 001 053 042 003 063 164 088 005 193 255 160 119 249
0762 000 012 114 000 076 067 009 018 184 051 009 160 255 137 142 155
0763 062 002 113 000 054 059 009 024 159 063 050 094 255 128 138 172
0764 021 029 123 000 001 030 000 075 169 051 082 140 255 124 071 245
0765 042 063 068 000 001 000 000 061 105 044 107 202 255 120 083 254
0766 028 071 088 000 023 001 001 056 126 078 088 212 255 124 115 241
0767 017 059 064 000 055 023 015 045 100 062 056 189 255 145 152 217
0768 005 048 017 000 072 043 019 045 059 065 057 176 255 180 161 213
0769 028 051 089 000 022 038 016 018 131 048 089 184 255 195 153 196
0770 011 064 120 000 071 050 020 000 164 041 060 207 255 166 164 140
0771 027 066 079 000 069 063 015 034 115 054 092 204 255 133 149 203
0772 061 068 130 000 008 099 000 061 129 056 139 172 255 087 056 252
0773 052 008 084 000 000 067 000 081 154 078 123 092 255 088 041 255
0774 036 000 094 000 000 015 000 084 125 077 098 066 255 106 050 255
0775 011 002 065 002 017 006 000 076 106 099 063 081 255 137 053 255
0776 029 000 079 017 000 010 020 054 116 123 066 069 255 149 033 237
0777 000 000 115 003 021 021 000 043 162 096 015 064 255 144 052 213
0778 000 047 140 029 012 046 000 054 190 152 036 175 255 129 096 244
0779 000 069 107 030 000 090 010 070 150 153 046 212 255 107 139 255
0780 019 064 046 017 016 109 013 070 113 128 087 219 255 099 146 255
0781 030 077 067 000 094 105 000 058 078 071 091 254 255 100 086 243
0782 018 109 023 000 091 048 000 054 086 071 084 255 255 102 029 237
0783 005 115 014 000 066 043 000 049 045 050 067 255 255 101 058 224
0784 018 095 034 000 056 095 000 021 119 038 073 253 255 099 073 159
0785 017 057 057 003 087 064 000 000 090 096 070 188 255 093 067 091
0786 000 035 048 030 086 074 000 002 075 151 044 144 255 097 080 117
0787 003 025 050 003 037 106 000 005 087 092 053 129 255 140 059 128
0788 029 005 050 000 075 094 000 031 081 062 091 093 255 180 112 190
0789 062 000 048 014 098 111 008 053 079 119 143 078 255 186 136 234
0790 085 005 085 007 114 147 004 060 120 105 178 081 255 184 155 250
0791 083 000 088 002 075 160 000 054 125 092 172 073 255 181 118 239
0792 053 000 129 000 000 148 008 027 179 126 124 024 255 174 135 171
0793 015 000 101 000 000 148 000 000 143 059 065 054 255 154 101 107
0794 021 005 171 000 008 163 000 023 232 064 037 082 255 139 095 173
0795 012 008 166 000 000 140 000 071 221 084 068 092 255 122 044 255
0796 029 008 156 000 026 064 000 079 212 130 090 091 255 123 058 255
0797 031 004 091 021 067 054 000 060 126 134 093 086 255 117 054 250
0798 051 000 072 020 088 061 000 047 098 132 110 080 255 108 068 224
0799 049 039 112 013 102 094 000 048 156 120 119 160 255 106 054 225
0800 041 055 100 012 144 130 000 068 144 115 102 186 255 116 045 255
0801 017 053 145 009 209 116 000 079 197 109 072 181 255 124 045 255
0802 000 055 085 000 190 061 005 073 119 087 039 191 255 120 052 255
0803 000 074 034 000 148 067 000 063 051 057 056 225 255 141 055 255
0804 000 109 035 000 134 123 000 051 066 028 037 255 255 176 064 230
0805 004 166 046 000 117 194 000 037 080 013 054 255 255 208 068 199
0806 025 199 107 000 123 241 000 029 152 064 072 255 255 199 062 180
0807 027 207 010 000 157 255 000 010 096 067 087 255 255 164 046 133
0808 011 175 080 000 178 255 000 016 119 089 061 255 255 119 074 178
0809 000 124 079 010 149 240 000 045 113 112 028 255 255 105 095 221
0810 000 069 045 000 088 191 005 091 067 080 051 206 255 127 127 255
0811 015 047 074 000 045 181 001 117 111 055 070 171 255 146 111 255
0812 001 084 108 000 015 198 000 147 154 065 092 243 255 152 050 255
0813 000 124 146 000 006 182 000 146 199 091 017 255 255 158 058 255
0814 000 132 111 000 000 123 000 114 156 090 034 255 255 161 041 255
0815 000 113 097 000 004 093 000 083 138 048 032 255 255 168 051 255
0816 000 070 138 000 025 017 000 058 191 045 032 211 255 171 066 243
0817 021 074 129 000 009 024 000 033 177 039 081 230 255 164 075 190
0818 034 081 092 000 029 053 000 041 135 036 098 236 255 157 091 210
0819 021 065 052 000 101 076 033 043 079 056 076 203 255 175 079 204
0820 002 069 059 009 119 115 000 052 127 115 046 214 255 192 108 192
0821 000 072 066 040 132 152 000 034 097 174 064 221 255 213 090 209
0822 021 048 041 023 178 148 000 071 094 138 080 179 255 191 064 255
0823 011 017 043 015 170 195 000 075 092 149 062 117 255 166 088 255
0824 001 036 085 000 147 240 001 064 120 068 048 151 255 162 113 253
0825 013 060 080 000 107 218 012 043 132 039 097 194 255 156 148 210
0826 002 065 052 000 037 134 029 036 084 057 078 209 255 136 188 199
0827 000 061 037 000 022 090 018 050 063 112 043 198 255 134 159 235
0828 000 019 062 019 035 079 008 059 097 132 045 118 255 152 134 249
0829 004 016 103 011 014 133 025 039 146 114 037 117 255 162 176 204
0830 000 002 090 000 038 149 037 035 138 075 057 099 255 167 203 197
0831 000 000 051 000 091 135 005 034 100 039 030 095 255 172 116 156
0832 000 010 123 000 094 144 000 030 173 040 010 103 255 187 061 183
0833 000 031 127 000 076 151 000 047 174 055 015 142 255 184 092 222
0834 000 046 107 000 048 149 000 056 150 047 053 167 219 167 105 241
0835 017 032 030 000 008 100 000 070 070 061 078 143 194 152 105 255
0836 054 037 034 000 029 042 000 086 060 087 133 152 202 132 077 255
0837 070 040 037 003 042 060 000 085 063 096 156 161 225 120 072 255
0838 064 041 079 000 025 114 000 077 121 034 143 163 255 107 081 255
0839 045 032 123 000 001 090 000 043 172 086 117 141 255 117 091 226
0840 035 017 073 009 004 002 000 028 106 107 096 112 255 126 086 180
0841 010 010 051 003 028 019 000 049 082 095 058 100 255 140 059 224
0842 000 001 112 000 044 047 000 058 162 078 040 080 255 175 066 249
0843 000 012 105 000 036 073 003 055 147 023 024 126 255 213 122 245
0844 000 031 007 000 000 036 013 043 056 010 025 174 255 224 151 217
0845 019 020 050 000 025 000 017 027 078 017 080 171 255 195 157 180
0846 040 005 016 000 049 047 001 023 041 062 105 102 255 143 113 167
0847 027 023 001 008 084 099 014 064 060 108 087 126 255 106 150 254
0848 010 061 042 003 068 082 007 103 061 097 061 203 255 115 130 255
0849 000 114 009 000 022 042 000 124 034 060 024 255 255 148 087 255
0850 024 156 065 000 029 053 000 105 100 037 084 255 255 193 083 255
0851 037 187 040 021 042 051 000 057 065 154 130 255 255 236 080 242
0852 046 185 028 013 067 038 000 030 054 115 131 255 255 249 081 185
0853 017 139 016 000 076 053 000 041 037 050 106 255 255 255 086 208
0854 022 086 032 000 077 073 000 056 061 072 095 238 255 255 103 247
0855 026 090 095 007 082 119 000 071 136 105 086 251 255 254 098 255
0856 030 120 081 020 089 132 004 061 110 134 091 255 255 221 122 251
0857 036 122 129 008 070 131 001 045 181 105 103 255 255 192 116 189
0858 059 101 152 000 070 106 007 000 206 077 137 255 251 141 131 078
0859 055 071 102 001 045 067 001 017 144 090 131 217 255 095 113 162
0860 029 042 094 014 000 025 006 049 133 119 088 159 255 092 134 235
0861 002 032 039 010 000 060 030 065 065 110 043 144 255 102 200 255
0862 000 044 051 000 000 089 052 066 093 069 000 165 255 113 238 255
0863 000 074 129 021 048 067 035 067 180 138 018 233 255 118 193 255
0864 002 140 106 009 048 003 021 053 151 108 051 255 255 143 164 235
0865 032 191 255 000 031 000 011 061 255 062 096 255 255 170 134 250
0866 053 199 255 009 011 000 004 052 255 113 130 255 255 188 124 231
0867 080 195 090 004 004 000 000 052 136 105 171 255 255 208 104 236
0868 082 153 255 048 017 000 004 066 255 203 171 255 255 199 126 255
0869 066 080 255 030 000 000 000 085 255 152 144 228 255 175 140 255
0870 053 020 255 054 009 000 004 100 255 202 126 205 255 153 121 255
0871 052 013 254 057 000 001 008 103 255 208 125 198 255 135 134 255
0872 057 005 198 010 000 013 008 082 253 116 132 186 255 096 137 255
0873 062 021 215 021 000 003 012 043 255 134 139 158 251 084 141 208
0874 066 041 254 012 000 020 009 011 255 115 130 171 253 102 138 134
0875 027 082 218 008 000 013 008 063 253 106 084 244 255 153 134 142
0876 000 079 255 026 000 000 000 020 255 145 020 229 255 188 098 166
0877 000 038 255 094 019 000 004 038 255 176 016 149 255 184 122 206
0878 000 043 255 056 031 000 015 035 255 212 045 162 255 153 151 196
0879 028 069 255 059 018 000 023 063 255 214 094 213 255 144 169 254
0880 065 086 255 001 034 006 012 096 255 091 152 244 255 165 152 255
0881 093 093 255 043 000 000 000 127 255 183 193 254 255 224 085 255
0882 105 111 106 050 000 003 000 145 153 191 224 255 255 255 071 255
0883 100 143 138 000 000 000 000 144 194 070 201 255 255 255 116 255
0884 103 134 255 024 000 000 003 114 255 147 202 255 255 214 123 255
0885 086 070 255 041 000 000 000 072 255 173 175 209 255 139 096 255
0886 070 020 225 015 000 000 000 051 255 124 151 153 255 111 095 233
0887 058 028 255 048 000 000 000 027 255 193 139 133 255 108 092 171
0888 056 023 255 104 000 000 000 001 255 255 135 152 255 094 099 108
0889 053 006 255 090 000 003 007 003 255 255 128 127 255 062 095 127
0890 025 000 255 077 000 019 000 041 255 248 083 068 255 044 100 215
0891 001 001 255 127 000 019 000 053 255 255 041 078 255 061 105 234
0892 000 013 255 184 000 000 000 068 255 255 036 106 255 098 095 233
0893 014 052 255 135 000 000 000 067 255 255 071 186 255 119 092 235
0894 021 100 255 037 000 000 007 064 255 166 078 255 255 138 105 255
0895 017 113 255 031 000 000 000 070 255 159 072 255 255 136 084 255
0896 024 093 255 087 000 000 000 065 255 255 081 252 255 151 084 255
0897 027 066 255 089 000 000 010 059 255 255 089 209 255 167 090 245
0898 026 036 255 085 000 000 006 038 255 255 086 165 255 183 128 198
0899 032 042 255 080 000 000 004 058 255 252 095 161 255 180 125 250
0900 036 067 255 064 000 000 009 074 255 211 099 207 255 126 136 255
0901 035 072 255 037 000 000 000 100 255 175 104 216 255 040 096 255
0902 061 058 255 119 000 000 000 111 255 255 144 186 255 012 092 255
0903 087 050 255 169 000 000 024 101 255 255 184 173 255 007 183 255
0904 093 052 255 109 000 000 066 079 255 255 191 178 255 003 255 255
0905 088 054 193 038 000 003 049 049 235 171 180 182 255 041 226 230
0906 075 056 132 042 000 005 024 042 184 181 157 183 255 086 169 218
0907 044 055 163 047 000 000 012 036 224 193 110 195 255 143 146 201
0908 027 068 229 071 000 000 018 021 255 244 094 212 255 161 155 185
0909 047 079 235 060 000 000 019 010 255 214 121 233 255 151 156 135
0910 065 096 250 001 000 007 034 025 255 088 145 255 255 112 198 172
0911 060 087 255 017 000 004 040 048 255 131 136 244 255 073 209 197
0912 025 061 217 065 000 000 036 057 255 229 081 202 255 066 194 248
0913 005 045 253 093 000 000 023 066 255 255 056 168 255 074 167 255
0914 000 031 255 131 000 000 009 066 255 255 044 145 255 114 140 255
0915 001 044 255 062 000 000 013 046 255 221 053 211 255 142 146 218
0916 015 066 194 032 000 000 000 035 248 161 050 232 255 131 095 194
0917 001 057 255 038 000 000 000 042 255 172 048 199 255 073 085 210
0918 011 062 255 054 000 000 000 020 255 211 047 199 255 044 104 172
0919 039 063 255 055 000 000 002 008 255 208 082 206 255 059 120 190
0920 025 037 255 054 000 000 003 009 255 207 085 148 255 067 120 163
0921 040 000 208 053 000 000 002 000 249 197 108 103 255 078 116 087
0922 041 000 104 016 000 000 008 017 142 121 106 075 255 087 138 073
0923 030 016 150 026 011 000 025 000 214 155 088 122 255 085 170 089
0924 001 003 255 053 023 000 013 002 255 201 042 098 255 079 145 119
0925 000 000 255 076 017 000 016 023 255 247 020 052 255 092 156 171
0926 000 000 255 042 000 000 001 044 255 178 033 036 255 114 113 221
0927 000 000 255 046 000 006 000 071 255 186 031 085 255 121 070 255
0928 003 005 255 025 000 012 000 085 255 140 054 121 255 098 063 255
0929 012 050 255 000 028 001 000 094 255 055 065 178 255 060 067 255
0930 013 078 255 000 026 024 000 086 255 078 066 230 255 043 056 255
0931 011 067 255 000 038 034 000 061 255 061 062 202 255 070 029 253
0932 000 014 255 000 034 047 000 036 255 070 044 101 255 124 083 209
0933 015 000 193 000 020 058 000 033 242 050 045 038 255 148 089 198
0934 024 042 128 000 029 054 000 037 176 082 082 172 255 162 096 195
0935 033 098 113 001 046 058 009 029 159 095 103 255 255 158 080 179
0936 059 118 074 000 090 055 000 041 106 055 137 255 255 169 078 210
0937 064 118 021 004 078 040 000 037 045 096 143 255 255 175 067 198
0938 074 093 024 008 068 044 000 036 057 145 161 248 255 172 047 201
0939 090 048 040 001 077 067 000 059 075 093 187 193 255 158 049 248
0940 112 043 015 038 011 066 000 067 120 171 218 227 255 140 083 255
0941 138 089 049 008 004 062 000 073 083 097 255 243 255 110 089 255
0942 154 110 084 000 028 058 000 071 121 076 255 255 255 081 073 255
0943 173 138 069 009 055 107 000 052 105 110 255 255 207 048 051 225
0944 198 151 056 000 081 180 000 020 085 089 255 255 127 032 076 171
0945 234 162 049 000 102 194 000 038 079 069 255 255 087 029 089 207
0946 255 155 020 013 095 162 000 053 041 120 255 255 075 019 078 242
0947 255 149 085 045 060 111 000 069 129 182 255 255 066 007 092 255
0948 255 117 123 036 083 132 000 064 170 168 255 255 135 025 112 254
0949 255 048 026 039 092 155 000 045 093 171 255 187 211 050 112 214
0950 148 006 045 018 051 159 016 019 074 126 245 089 255 059 154 156
0951 023 017 033 028 045 157 026 008 062 151 070 120 255 052 179 128
0952 093 092 061 045 045 198 026 000 091 184 202 251 255 047 155 139
0953 174 159 022 011 038 197 000 007 048 108 255 255 250 047 108 133
0954 210 212 064 000 002 123 000 016 136 078 255 255 231 051 051 157
0955 228 227 074 008 017 052 000 020 109 108 255 255 215 059 027 164
0956 230 225 086 000 043 018 000 030 126 075 255 255 215 053 029 184
0957 206 214 009 026 036 073 000 013 032 148 255 255 240 039 058 140
0958 144 227 018 032 053 124 000 000 041 158 254 255 255 041 103 099
0959 111 233 046 020 068 130 000 015 075 131 219 255 255 046 060 087
0960 085 234 029 022 022 153 000 000 062 137 177 255 255 044 043 095
0961 084 229 034 020 000 125 000 000 061 168 180 255 255 020 041 112
0962 150 176 021 001 002 132 000 000 049 092 255 255 255 000 045 095
0963 252 112 092 000 075 127 000 000 134 057 255 255 227 000 046 099
0964 255 093 101 000 091 146 000 002 142 065 255 255 191 000 002 121
0965 255 067 124 000 091 179 000 008 174 068 255 255 147 000 005 131
0966 255 064 140 005 093 191 000 000 190 104 255 255 132 000 009 107
0967 255 041 068 023 106 131 000 000 100 143 255 255 140 000 011 094
0968 255 076 021 023 087 065 000 015 051 138 255 255 150 000 004 104
0969 255 142 068 005 009 060 000 001 103 101 255 255 156 000 020 148
0970 255 177 041 000 019 061 000 003 067 061 255 255 146 000 028 123
0971 255 208 007 037 055 067 000 004 063 172 255 255 127 000 004 157
0972 255 227 038 067 087 041 000 000 092 227 255 255 101 000 031 108
0973 255 230 090 043 133 082 000 000 130 184 255 255 092 000 036 076
0974 255 229 107 039 164 148 000 000 152 170 255 255 094 000 067 078
0975 255 233 108 000 165 234 000 000 151 043 255 255 091 000 050 080
0976 255 241 124 009 108 242 000 000 177 111 255 255 083 000 041 095
0977 236 246 077 002 065 182 000 000 111 091 255 255 083 000 028 109
0978 254 246 059 000 063 146 004 008 089 071 255 255 087 000 031 133
0979 255 255 045 000 038 149 000 025 074 075 255 255 096 000 033 175
0980 255 247 078 005 032 190 000 040 115 100 255 255 111 000 043 208
0981 255 209 083 001 049 213 000 039 118 092 255 255 122 000 051 201
0982 255 189 049 000 053 150 000 026 083 088 255 255 120 023 050 173
0983 255 178 076 010 062 101 000 011 109 112 255 255 108 023 051 140
0984 255 140 070 010 082 052 000 000 105 108 255 255 083 004 045 084
0985 255 116 063 007 070 085 000 000 100 110 255 255 069 000 025 072
0986 255 109 118 020 088 108 000 000 167 136 255 255 072 000 007 071
0987 255 110 135 009 134 152 000 000 185 109 255 255 075 000 026 140
0988 255 114 112 001 145 208 000 015 155 093 255 255 073 000 063 150
0989 255 151 055 002 161 243 000 025 088 060 255 255 077 000 061 169
0990 255 187 085 008 224 254 000 013 127 109 255 255 062 000 043 146
0991 255 222 105 030 230 176 000 001 149 156 255 255 054 000 033 111
0992 255 255 062 020 173 152 000 000 093 129 255 255 047 000 038 117
0993 255 255 067 016 110 174 000 000 102 123 255 255 034 000 084 093
0994 231 255 025 014 048 187 000 000 049 119 255 255 015 000 057 093
0995 211 255 067 000 014 162 000 000 097 049 255 255 010 001 063 104
0996 205 253 024 000 000 109 000 000 043 041 255 255 033 031 099 145
0997 192 205 001 000 025 106 000 000 087 061 255 255 044 047 070 099
0998 177 109 020 041 067 144 000 000 047 195 255 255 025 054 051 081
0999 195 067 069 019 093 203 000 010 108 127 255 255 007 046 061 136
1000 240 071 127 007 100 235 000 000 173 107 255 255 022 057 022 099
1001 255 075 108 018 125 209 000 000 153 129 255 255 030 075 028 070
1002 255 094 036 017 154 145 000 000 060 125 255 255 037 112 042 116
1003 255 123 059 015 195 111 003 002 095 122 255 255 053 137 123 117
1004 255 124 083 006 225 128 022 007 119 101 255 255 075 155 168 128
1005 255 114 064 005 216 187 036 020 096 102 255 255 124 165 199 162
1006 255 082 061 017 201 230 041 048 106 128 255 255 178 172 214 223
1007 255 039 090 006 231 234 030 061 137 098 255 255 221 168 186 239
1008 216 069 077 000 237 207 032 045 112 065 255 255 239 175 191 214
1009 157 063 077 000 222 185 044 041 118 085 255 255 248 178 220 204
1010 111 060 161 009 168 179 038 031 222 114 214 238 243 176 201 182
1011 039 056 227 017 078 129 013 000 255 123 102 196 215 166 146 077
1012 008 070 197 039 096 084 009 005 254 171 057 214 205 155 114 128
1013 000 076 188 024 116 073 000 016 247 138 043 223 199 144 081 151
1014 000 111 234 006 115 056 000 033 255 102 042 197 198 135 079 189
1015 008 049 142 002 093 015 000 037 186 095 059 171 223 104 061 200
1016 000 018 075 007 079 009 001 075 111 137 021 112 255 083 036 255
1017 000 004 062 025 057 021 000 092 081 142 044 104 255 093 049 255
1018 000 000 046 005 027 048 000 113 077 096 025 093 255 120 075 255
1019 000 000 087 000 057 079 000 105 128 070 037 064 255 125 044 255
1020 003 000 123 000 081 081 000 087 172 052 053 062 255 117 047 255
1021 038 008 041 000 108 112 000 048 078 082 108 107 255 106 072 217
1022 055 000 047 013 079 117 000 060 076 120 131 112 255 098 102 249
1023 028 000 021 026 127 054 000 121 097 141 087 072 188 119 039 255
1024 001 000 048 005 219 052 000 144 091 098 046 081 147 164 022 255
1025 000 000 083 000 250 055 000 127 118 089 022 073 182 189 100 255
1026 000 000 088 009 187 114 030 066 129 109 040 059 237 195 187 253
1027 012 000 131 011 113 149 038 066 177 114 066 060 255 206 200 255
1028 029 000 145 000 088 215 031 061 201 080 092 123 255 212 183 250
1029 047 000 202 000 085 255 008 040 253 049 116 142 255 215 129 202
1030 049 000 084 000 077 255 000 007 116 043 121 128 255 217 096 125
1031 052 000 118 000 075 233 000 029 170 073 124 107 255 231 090 188
1032 047 000 155 000 091 142 000 061 213 124 115 051 255 228 106 251
1033 036 025 144 012 103 129 013 085 193 119 101 131 255 182 083 255
1034 033 067 063 038 115 137 000 079 098 169 094 210 255 133 056 255
